Ke0=

    8.00000000e+03    4.00000000e+03    2.00000000e+03    6.66666667e+02    6.66666667e+02    6.66666667e+02   -8.00000000e+03   -2.66666667e+03   -2.27373675e-12   -1.36424205e-12   -2.66666667e+03   -2.66666667e+03
    4.00000000e+03    8.00000000e+03    6.66666667e+02    6.66666667e+02    6.66666667e+02    2.00000000e+03   -2.66666667e+03   -2.66666667e+03   -1.36424205e-12   -2.27373675e-12   -2.66666667e+03   -8.00000000e+03
    2.00000000e+03    6.66666667e+02    6.00000000e+03    0.00000000e+00    0.00000000e+00   -6.66666667e+02   -8.00000000e+03   -2.66666667e+03   -4.54747351e-13    2.66666667e+03    4.54747351e-13    1.70530257e-13
    6.66666667e+02    6.66666667e+02    0.00000000e+00    2.00000000e+03   -6.66666667e+02    0.00000000e+00   -2.66666667e+03   -2.66666667e+03    2.66666667e+03   -1.13686838e-13    1.70530257e-13    1.13686838e-13
    6.66666667e+02    6.66666667e+02    0.00000000e+00   -6.66666667e+02    2.00000000e+03    0.00000000e+00    1.13686838e-13    3.79745618e-13   -1.13686838e-13    2.66666667e+03   -2.66666667e+03   -2.66666667e+03
    6.66666667e+02    2.00000000e+03   -6.66666667e+02    0.00000000e+00    0.00000000e+00    6.00000000e+03    3.22902199e-13    9.09494702e-13    2.66666667e+03   -9.09494702e-13   -2.66666667e+03   -8.00000000e+03
   -8.00000000e+03   -2.66666667e+03   -8.00000000e+03   -2.66666667e+03    1.13686838e-13    3.22902199e-13    2.13333333e+04    5.33333333e+03   -5.33333333e+03   -5.33333333e+03   -3.52429197e-12    5.33333333e+03
   -2.66666667e+03   -2.66666667e+03   -2.66666667e+03   -2.66666667e+03    3.79745618e-13    9.09494702e-13    5.33333333e+03    2.13333333e+04   -5.33333333e+03   -1.60000000e+04    5.33333333e+03   -3.18323146e-12
   -1.81898940e-12   -1.36424205e-12   -4.54747351e-13    2.66666667e+03   -1.13686838e-13    2.66666667e+03   -5.33333333e+03   -5.33333333e+03    2.13333333e+04    5.33333333e+03   -1.60000000e+04   -5.33333333e+03
   -1.36424205e-12   -2.27373675e-12    2.66666667e+03   -1.13686838e-13    2.66666667e+03   -9.09494702e-13   -5.33333333e+03   -1.60000000e+04    5.33333333e+03    2.13333333e+04   -5.33333333e+03   -5.33333333e+03
   -2.66666667e+03   -2.66666667e+03    4.54747351e-13    1.70530257e-13   -2.66666667e+03   -2.66666667e+03   -3.52429197e-12    5.33333333e+03   -1.60000000e+04   -5.33333333e+03    2.13333333e+04    5.33333333e+03
   -2.66666667e+03   -8.00000000e+03    1.70530257e-13    1.13686838e-13   -2.66666667e+03   -8.00000000e+03    5.33333333e+03   -3.18323146e-12   -5.33333333e+03   -5.33333333e+03    5.33333333e+03    2.13333333e+04

Ke1=

    8.00000000e+03    4.00000000e+03    2.00000000e+03    6.66666667e+02    6.66666667e+02    6.66666667e+02   -8.00000000e+03   -2.66666667e+03   -4.77484718e-12   -2.04636308e-12   -2.66666667e+03   -2.66666667e+03
    4.00000000e+03    8.00000000e+03    6.66666667e+02    6.66666667e+02    6.66666667e+02    2.00000000e+03   -2.66666667e+03   -2.66666667e+03   -2.04636308e-12   -2.72848411e-12   -2.66666667e+03   -8.00000000e+03
    2.00000000e+03    6.66666667e+02    6.00000000e+03    0.00000000e+00   -1.48029737e-13   -6.66666667e+02   -8.00000000e+03   -2.66666667e+03   -9.09494702e-13    2.66666667e+03    4.54747351e-13    1.70530257e-13
    6.66666667e+02    6.66666667e+02    0.00000000e+00    2.00000000e+03   -6.66666667e+02   -4.93432455e-14   -2.66666667e+03   -2.66666667e+03    2.66666667e+03   -2.27373675e-13    1.70530257e-13    0.00000000e+00
    6.66666667e+02    6.66666667e+02   -1.48029737e-13   -6.66666667e+02    2.00000000e+03    8.88178420e-13   -5.68434189e-13    1.07634066e-13    1.70530257e-12    2.66666667e+03   -2.66666667e+03   -2.66666667e+03
    6.66666667e+02    2.00000000e+03   -6.66666667e+02   -4.93432455e-14    8.88178420e-13    6.00000000e+03    1.64477485e-13    4.54747351e-13    2.66666667e+03    4.54747351e-13   -2.66666667e+03   -8.00000000e+03
   -8.00000000e+03   -2.66666667e+03   -8.00000000e+03   -2.66666667e+03   -5.68434189e-13    1.64477485e-13    2.13333333e+04    5.33333333e+03   -5.33333333e+03   -5.33333333e+03    1.02318154e-12    5.33333333e+03
   -2.66666667e+03   -2.66666667e+03   -2.66666667e+03   -2.66666667e+03    1.64477485e-13    4.54747351e-13    5.33333333e+03    2.13333333e+04   -5.33333333e+03   -1.60000000e+04    5.33333333e+03   -1.36424205e-12
   -4.77484718e-12   -2.04636308e-12   -9.09494702e-13    2.66666667e+03    1.70530257e-12    2.66666667e+03   -5.33333333e+03   -5.33333333e+03    2.13333333e+04    5.33333333e+03   -1.60000000e+04   -5.33333333e+03
   -2.04636308e-12   -3.18323146e-12    2.66666667e+03   -2.27373675e-13    2.66666667e+03    4.54747351e-13   -5.33333333e+03   -1.60000000e+04    5.33333333e+03    2.13333333e+04   -5.33333333e+03   -5.33333333e+03
   -2.66666667e+03   -2.66666667e+03    4.54747351e-13    1.70530257e-13   -2.66666667e+03   -2.66666667e+03    1.02318154e-12    5.33333333e+03   -1.60000000e+04   -5.33333333e+03    2.13333333e+04    5.33333333e+03
   -2.66666667e+03   -8.00000000e+03    1.70530257e-13    0.00000000e+00   -2.66666667e+03   -8.00000000e+03    5.33333333e+03   -1.36424205e-12   -5.33333333e+03   -5.33333333e+03    5.33333333e+03    2.13333333e+04

                ux                uy                fx                fy                Ex                Ey               Exy                Sx                Sy               Sxy


    0.00000000e+00    0.00000000e+00    1.33218631e-15   -5.80349709e-01    2.10761865e-05   -2.41205246e-05   -1.95540175e-05    1.56432140e-01   -2.05141549e-01   -1.56432140e-01
   -5.39394255e-05    0.00000000e+00    1.50351736e-16   -5.80349709e-01   -6.43994588e-05    1.18026644e-04   -8.43047460e-06   -3.00686928e-01    1.15872190e+00   -6.74437968e-02
    3.98105745e-05    3.70862823e-04   -9.92587089e-17    1.00000000e+00    4.33232723e-05   -9.39061199e-05    2.79844921e-05    1.44254788e-01   -9.53580350e-01    2.23875937e-01
   -4.12156536e-05    0.00000000e+00   -1.58564568e-16   -1.83930058e+00    3.94983347e-05   -1.98272273e-04   -6.12770608e-06   -3.19109076e-01   -2.22127394e+00   -4.90216486e-02
   -3.65710866e-05    1.26418089e-04    1.91880068e-16    1.54845754e-15    6.17454205e-05   -2.68057868e-04    4.14108035e-05   -3.31286428e-01   -2.96971274e+00    3.31286428e-01
    1.20602623e-05    1.73800479e-04   -7.67831979e-16    7.25764934e-16    1.47221066e-04   -4.10205037e-04    3.02872606e-05    1.25832639e-01   -4.33357619e+00    2.42298085e-01

                ux                uy                fx                fy                Ex                Ey               Exy                Sx                Sy               Sxy


   -1.32155495e-04    3.70862823e-04   -3.78677938e-16    1.00000000e+00    1.32545795e-04   -1.48704205e-04   -1.24466590e-04    9.95732723e-01   -1.25426728e+00   -9.95732723e-01
    3.98105745e-05    3.70862823e-04   -9.92587089e-17    1.00000000e+00   -3.16142798e-05    1.50811823e-04    1.62052456e-04    2.23875937e-01    1.68328476e+00    1.29641965e+00
   -5.39394255e-05    0.00000000e+00    1.50351736e-16   -5.80349709e-01   -1.00931515e-04   -2.10761865e-06   -3.75858659e-05   -1.21960866e+00   -4.29017485e-01   -3.00686928e-01
   -1.88124480e-05    2.36443589e-04   -8.23180499e-17    1.00000000e+00    2.05609908e-04   -2.68213988e-04    1.57290799e-05    1.39446295e+00   -2.39612823e+00    1.25832639e-01
   -3.65710866e-05    1.26418089e-04    1.91880068e-16    1.54845754e-15   -2.78674022e-05   -1.21617402e-04    1.02609804e-04   -8.20878435e-01   -1.57087843e+00    8.20878435e-01
   -7.20883639e-05    1.60998647e-04   -1.29453739e-16    9.38919081e-17    1.36292673e-04   -4.21133430e-04   -1.83909242e-04   -4.90216486e-02   -4.50843047e+00   -1.47127394e+00

[1;32mErrors(LA) = 3.60474570e-08[0m

